1 5 14 24
1 5 15 24
1 5 15 24
1 5 15 25
1 5 11 19
1 5 15 24
1 5 15 25
1 5 13 18
1 5 15 25
1 5 15 25
1 5 15 25
1 5 15 25
1 5 15 25
1 5 15 25
1 5 15 25
1 5 15 25
1 5 14 22
1 5 14 16
1 5 15 25
1 5 15 25
1 5 15 25
1 5 15 25
1 5 15 25
1 5 14 19
1 5 15 25
1 5 15 25
1 5 15 25
1 5 15 25
1 5 15 25
1 5 15 25
1 5 15 25
1 5 14 23
1 5 15 25
1 5 15 25
1 5 15 25
1 5 15 24
1 5 15 25
1 5 15 25
1 5 15 25
1 5 15 25
1 5 15 25
1 5 15 24
1 5 15 25
1 5 15 25
1 5 15 25
1 5 15 25
1 3 9 18
1 5 15 24
1 5 15 25
1 5 15 24
1 5 15 24
1 5 15 25
1 5 15 24
1 5 15 25
1 5 15 25
1 5 15 25
1 5 15 20
1 5 15 25
1 5 15 24
1 5 15 25
1 5 15 24
1 5 14 24
1 5 15 25
1 5 15 25
1 5 15 25
1 5 15 25
1 5 15 25
1 5 15 25
1 5 15 25
1 5 15 25
0 4 14 24
1 5 15 25
1 5 15 25
1 5 15 25
1 5 15 25
1 5 15 24
1 5 14 19
1 5 15 25
1 5 15 25
1 5 15 25
1 5 14 24
0 0 1 1
1 5 15 25
1 5 15 25
1 5 15 25
1 5 15 24
1 5 15 25
1 5 15 25
1 5 15 25
1 5 15 25
1 5 15 25
1 5 15 25
1 5 15 25
1 5 15 25
1 5 15 25
1 5 15 25
1 5 15 17
1 5 15 25
1 5 15 25
1 5 15 25
1 5 15 25
1 5 15 23
1 5 15 25
1 5 15 25
1 5 15 25
1 5 15 25
1 5 14 24
1 5 15 25
1 5 13 23
1 5 15 25
1 5 14 24
1 5 15 25
1 5 15 25
1 5 15 25
1 5 15 25
1 5 15 25
1 5 15 25
1 5 15 25
1 5 15 25
1 5 15 25
1 5 15 25
1 5 15 25
1 5 15 25
1 5 15 25
1 5 15 25
1 5 15 25
1 5 15 25
1 5 15 22
1 5 15 25
1 5 15 25
1 5 14 24
1 5 15 25
1 5 15 25
1 5 15 25
1 5 15 25
1 5 15 23
1 5 14 23
1 5 15 25
1 5 15 25
1 5 15 24
1 5 15 25
1 5 15 24
1 5 14 23
1 5 15 24
1 5 15 25
1 5 15 25
1 5 15 25
1 5 15 25
1 5 15 25
1 5 14 23
1 5 15 25
1 5 15 25
1 5 15 25
1 5 15 25
1 5 15 25
1 5 15 25
1 5 15 25
1 5 15 25
1 5 15 25
1 5 15 25
1 5 15 24
1 5 15 25
1 5 15 25
1 5 14 23
1 5 15 25
1 5 15 25
1 5 15 24
1 5 15 25
1 5 15 25
1 5 14 16
1 5 13 23
1 5 15 25
1 5 15 25
1 5 14 24
1 5 15 25
1 5 14 24
1 5 15 25
1 5 15 24
1 5 15 25
1 5 15 25
1 5 15 25
1 5 15 25
1 5 15 25
1 5 15 25
1 5 14 24
1 5 15 25
1 5 15 25
1 5 15 25
1 5 15 24
1 5 15 25
1 5 15 24
1 5 15 25
1 5 15 25
1 5 15 25
1 5 15 25
1 5 15 24
1 5 15 25
1 5 15 24
1 5 15 25
1 5 15 25
1 5 15 22
1 5 15 25
1 5 14 24
1 5 15 25
1 5 15 25
1 5 15 25
1 5 15 25
1 5 15 24
1 5 15 25
1 5 15 24
1 5 15 25
1 5 15 25
1 5 15 25
1 5 15 25
1 5 15 25
1 5 15 25
1 5 15 25
1 5 15 25
1 5 15 25
1 5 15 25
1 5 15 25
1 5 15 24
1 5 15 25
1 5 15 25
1 5 14 23
1 5 15 21
1 5 15 25
1 5 15 25
1 5 15 25
1 5 14 22
1 5 15 25
1 5 15 25
1 5 15 25
1 5 15 25
1 5 14 24
1 5 15 24
1 5 15 25
1 5 15 22
1 5 15 25
1 5 15 24
1 5 15 25
1 5 15 24
1 3 3 8
1 5 15 25
1 5 15 25
1 5 15 23
1 5 15 25
1 5 15 25
1 5 15 25
1 5 15 25
1 5 15 25
1 5 15 25
1 5 15 25
1 5 15 25
1 5 15 24
1 5 14 16
1 5 15 25
1 5 15 25
1 5 15 25
1 5 15 24
1 5 15 25
1 5 15 25
1 5 15 23
1 5 14 24
1 5 15 23
1 5 12 15
1 5 15 25
1 5 15 25
1 5 15 24
1 5 15 24
1 5 15 25
1 5 14 24
1 5 15 25
1 5 15 25
1 5 15 25
1 5 15 22
1 5 15 25
1 5 15 16
1 5 15 24
1 5 15 25
1 5 15 25
1 5 15 25
1 5 14 23
1 5 15 25
1 5 15 25
1 5 15 25
1 5 15 23
1 5 15 25
1 5 15 25
1 5 15 25
1 5 15 25
1 5 15 25
1 5 15 25
1 5 15 25
1 5 15 25
1 5 15 24
1 5 15 25
1 5 15 24
1 5 15 24
1 5 15 25
1 5 15 25
1 5 15 20
1 5 15 25
1 5 15 25
1 5 15 25
1 5 15 25
1 5 15 25
1 5 15 25
1 5 15 25
1 5 15 25
1 5 15 25
1 5 15 25
1 5 15 25
1 5 15 25
1 5 15 24
1 5 10 20
1 5 15 25
1 5 15 24
1 5 15 25
1 5 15 25
1 5 15 25
1 5 15 25
1 5 15 22
1 5 15 25
1 5 15 25
1 5 15 25
1 5 14 24
1 5 15 25
1 5 15 25
1 5 15 25
1 5 15 25
1 5 14 23
1 5 15 25
1 5 15 25
1 5 15 25
1 5 15 24
1 5 15 25
1 5 15 25
1 5 15 25
1 5 15 25
1 5 15 25
1 5 13 23
1 5 15 25
1 5 15 25
1 5 15 24
1 5 15 25
1 5 15 25
1 5 15 25
1 5 15 24
1 5 15 25
1 5 15 25
1 5 15 25
1 5 15 25
1 5 15 25
1 5 15 25
1 5 15 25
1 5 15 25
1 5 15 25
1 5 15 25
1 5 15 25
1 5 15 25
1 5 15 25
1 4 13 18
1 5 15 25
1 5 15 25
1 5 15 25
1 5 15 25
1 5 15 25
1 5 15 25
1 5 15 24
1 5 15 25
1 5 15 25
1 5 15 25
1 5 15 25
1 5 15 25
1 5 15 25
1 5 15 25
1 5 15 25
1 5 15 25
1 5 14 22
1 5 15 25
1 5 15 25
1 5 15 25
1 5 15 25
1 5 15 25
1 5 15 24
1 5 15 25
1 5 15 25
1 5 15 25
1 5 15 25
1 5 15 21
1 5 15 25
1 5 15 25
1 5 15 22
1 5 15 25
1 5 15 25
1 5 12 22
1 5 15 25
1 5 15 25
1 5 15 23
1 5 15 25
1 5 15 25
1 5 15 25
1 5 15 25
1 5 14 24
1 5 15 25
1 5 15 25
1 5 15 25
1 5 15 25
1 5 15 25
1 5 15 25
1 5 15 25
1 5 15 25
1 5 15 25
1 5 15 25
1 5 15 25
1 5 15 23
1 5 15 25
1 5 15 25
1 5 15 25
1 5 14 23
1 5 15 21
1 5 15 23
1 5 15 25
1 5 15 25
1 5 15 25
1 5 15 25
1 5 15 25
1 5 15 24
1 5 15 25
1 5 15 25
1 5 15 25
1 5 15 25
1 5 15 25
1 5 15 24
1 5 15 25
1 5 15 25
1 4 13 22
1 5 13 20
1 5 15 25
1 5 15 25
1 5 15 25
1 5 15 25
1 5 15 23
1 5 15 25
1 5 15 25
1 5 15 25
1 5 15 25
1 5 15 25
1 5 14 24
1 5 15 25
1 5 15 25
1 5 15 25
1 5 15 25
1 5 15 25
1 5 15 24
1 5 15 25
1 5 15 24
1 5 15 25
1 5 15 25
1 5 15 25
1 5 15 25
1 5 14 24
1 5 15 25
1 5 15 25
1 5 15 25
1 5 15 25
1 5 15 25
1 5 15 24
1 5 13 19
1 5 15 25
1 5 15 25
1 5 15 22
1 5 15 25
1 5 15 25
1 5 14 24
1 5 8 16
1 5 15 24
1 5 15 25
1 5 15 25
1 5 15 25
1 5 15 24
1 5 15 25
1 5 15 25
1 5 15 25
1 5 15 25
1 5 15 22
1 5 15 25
1 5 14 24
1 5 15 25
1 5 15 25
0 0 0 0
1 5 15 25
1 5 13 23
1 5 15 25
1 5 15 25
1 5 15 21
1 5 15 24
1 5 15 25
1 5 15 25
1 5 9 9
1 5 15 25
1 5 15 25
1 5 15 25
1 5 15 25
1 5 15 25
1 5 15 25
1 5 15 24
1 5 15 25
1 5 15 25
1 5 15 25
1 5 15 25
1 5 15 25
1 5 15 25
1 5 15 25
1 5 15 25
1 5 15 24
1 5 15 25
1 5 15 25
1 5 15 25
1 5 15 25
1 5 14 23
1 5 15 25
1 5 15 25
1 5 15 25
1 5 15 24
1 5 15 25
1 5 15 25
1 5 15 23
1 5 15 25
1 5 15 25
1 5 15 25
1 5 15 25
1 5 15 25
1 5 15 25
1 5 15 25
1 5 15 25
1 5 15 25
1 5 15 25
1 5 15 25
1 5 15 25
1 5 15 25
1 5 15 25
1 5 15 25
1 5 12 21
1 5 15 25
1 5 15 25
1 5 15 25
1 5 15 25
1 5 15 24
1 5 15 25
1 5 15 25
1 5 15 25
1 5 15 25
1 5 15 25
1 5 15 25
1 5 15 25
1 5 15 25
1 5 15 25
1 5 15 25
1 5 15 25
1 5 15 25
1 5 12 16
1 5 15 25
1 5 15 25
1 5 15 24
1 5 15 25
1 5 15 25
1 5 15 25
1 5 15 25
1 5 15 25
1 5 14 24
1 5 15 25
1 5 15 25
1 5 15 25
1 5 15 25
1 5 15 25
1 5 15 24
1 5 15 25
1 5 15 25
1 5 15 25
1 5 14 22
1 5 15 25
1 5 15 25
1 5 15 25
1 5 15 24
1 5 15 25
1 5 15 25
1 5 15 25
1 5 13 22
1 5 15 25
1 5 15 25
1 5 15 25
1 5 15 25
1 5 15 25
1 5 15 25
1 5 15 24
1 5 14 24
1 5 15 25
1 5 15 25
1 5 15 25
1 5 15 25
1 5 14 24
1 5 15 25
1 5 15 25
1 5 15 25
1 5 15 25
1 5 15 25
1 5 15 24
1 5 15 25
1 5 15 25
1 5 15 25
0 0 0 0
1 5 15 24
1 5 15 25
1 4 4 14
1 5 15 23
1 5 14 22
1 5 15 24
1 5 15 25
1 5 14 24
1 5 15 25
1 5 15 25
1 5 15 25
1 5 15 25
1 5 15 25
1 4 14 22
1 5 15 25
1 5 14 23
1 5 15 25
1 5 15 25
1 5 15 25
1 5 15 24
1 5 15 25
1 5 15 25
1 5 15 24
1 5 15 25
1 5 15 25
1 5 15 25
1 5 15 25
1 5 15 25
1 5 15 25
1 5 15 24
1 5 15 25
1 5 15 25
1 5 15 25
1 5 15 25
1 5 15 25
1 5 15 25
1 4 14 24
1 5 15 25
1 5 15 25
1 5 15 25
1 5 14 24
1 5 15 25
1 5 15 25
1 5 15 25
1 5 15 25
1 5 15 24
1 5 15 25
1 5 15 25
1 5 15 18
1 5 15 25
1 5 15 24
1 5 15 25
1 5 15 25
1 5 15 23
1 5 14 24
1 5 14 24
1 5 15 25
1 5 15 25
1 5 15 25
1 5 15 25
1 5 15 25
1 5 15 25
1 5 15 25
1 5 15 25
1 5 15 25
1 5 15 25
1 5 15 25
1 5 15 25
1 5 14 23
1 5 15 25
1 5 15 25
1 5 15 25
1 5 15 25
1 5 15 25
1 5 15 25
1 5 15 25
1 5 15 25
1 4 14 24
1 5 15 25
1 5 15 25
1 5 15 25
1 5 14 24
1 5 15 25
1 5 15 25
1 5 15 25
1 5 15 25
1 5 15 25
1 5 14 23
1 5 15 25
1 5 15 25
1 5 15 24
1 5 15 25
1 5 15 25
1 5 15 24
1 5 15 25
1 5 15 25
1 5 14 24
1 5 15 25
1 5 15 25
1 5 15 25
1 5 13 22
1 5 15 18
1 4 13 22
1 5 15 25
1 5 15 23
1 5 15 25
1 5 15 22
1 5 15 25
1 5 15 25
1 5 15 25
1 5 15 24
1 5 15 23
1 5 15 25
1 5 15 25
1 5 15 25
1 5 15 25
1 5 15 25
1 5 15 25
1 5 15 25
1 5 15 25
1 5 15 25
1 5 15 24
1 5 15 25
1 5 15 25
0 4 14 24
1 5 15 24
1 5 15 25
1 5 15 25
1 5 15 25
1 5 15 25
1 5 15 25
1 5 15 25
1 5 15 25
1 5 15 25
1 5 15 25
1 5 15 24
1 5 15 25
1 5 15 25
1 5 15 25
1 5 15 25
0 0 2 2
1 5 15 25
1 5 14 24
1 5 15 25
1 5 15 25
1 4 14 24
1 5 15 25
1 5 15 25
1 5 15 25
1 5 15 25
1 5 15 25
1 5 15 25
1 5 15 25
1 5 15 25
1 5 15 25
1 5 15 25
1 5 15 25
1 5 15 25
1 5 15 25
1 5 14 23
1 5 15 25
1 5 15 25
1 5 15 25
1 5 15 25
1 5 15 23
1 5 14 23
1 5 15 25
1 5 15 25
1 5 15 25
1 5 15 23
1 5 15 25
1 5 15 25
1 5 15 25
1 5 15 25
1 5 14 24
1 5 15 25
1 5 15 25
1 5 15 23
1 5 15 25
1 5 15 25
1 5 15 25
1 5 15 25
1 5 14 15
1 5 15 25
0 0 0 0
1 5 14 22
1 5 15 25
1 5 15 25
1 5 15 25
1 5 15 25
1 5 15 25
1 5 13 23
1 5 15 25
1 5 15 25
1 5 12 22
1 5 15 25
1 5 15 25
1 5 15 24
1 5 15 25
1 5 15 25
1 5 15 25
1 5 10 16
1 5 15 25
1 5 15 25
1 5 15 25
1 5 12 12
1 5 15 18
1 5 15 25
1 5 15 25
1 5 15 22
1 5 15 25
1 5 15 25
1 5 15 25
1 5 15 25
1 5 15 25
1 5 14 23
1 5 15 25
1 5 15 25
1 5 15 25
1 5 15 25
1 5 15 23
1 5 15 25
1 5 15 25
1 5 15 25
1 5 15 24
1 5 15 24
1 5 15 24
1 5 15 25
1 5 15 25
1 5 15 25
1 5 15 24
1 5 15 23
1 5 15 25
1 5 15 25
1 5 15 25
1 5 15 24
1 5 15 24
1 5 15 25
1 5 15 24
1 5 15 24
1 5 15 25
1 5 15 25
1 5 15 25
1 5 15 25
1 5 15 25
1 5 15 25
1 5 15 25
1 5 15 25
1 5 15 25
1 5 15 25
1 5 15 25
1 5 15 25
1 5 15 25
1 5 15 25
1 5 15 25
1 5 15 25
1 5 15 25
1 5 14 23
1 5 15 25
1 5 15 24
1 5 15 25
1 5 15 25
1 5 15 25
1 5 15 23
1 5 15 24
1 5 15 25
1 5 14 23
1 5 15 25
1 5 15 25
1 5 14 24
1 5 15 25
1 5 15 25
1 5 14 24
1 5 15 25
1 5 15 25
1 5 13 23
1 5 15 25
1 5 14 24
1 5 14 24
1 5 15 25
1 5 15 25
1 5 14 23
1 5 15 24
1 5 15 25
1 5 15 25
1 5 14 24
1 5 15 25
1 5 15 24
1 5 15 25
1 5 15 25
1 5 15 25
1 5 15 25
1 5 15 25
1 5 15 23
1 5 15 25
1 5 15 25
1 5 15 25
1 5 15 25
1 5 15 25
1 5 15 25
1 5 15 22
1 4 14 24
1 5 15 24
1 5 15 25
1 5 15 25
1 5 15 25
1 5 15 25
1 5 14 24
1 5 8 16
1 5 15 24
1 5 15 24
1 5 15 24
1 5 15 25
1 5 14 24
1 5 15 25
1 5 15 25
1 5 15 25
1 5 15 24
1 5 15 25
1 5 15 25
1 5 15 25
1 5 15 24
1 5 15 25
1 5 15 25
1 5 15 25
1 5 15 25
1 5 15 25
1 5 14 23
1 5 15 25
1 5 15 25
1 5 13 23
1 5 15 25
1 5 15 25
1 5 15 25
1 5 15 25
1 5 15 25
1 5 15 24
1 5 15 25
1 5 15 25
1 5 13 21
1 5 15 25
1 5 15 25
1 5 15 21
1 5 15 25
1 5 15 25
1 5 15 25
1 5 15 25
1 5 15 25
1 5 15 25
1 5 12 21
1 5 15 25
1 5 15 25
1 5 15 25
1 5 14 24
1 5 15 24
1 5 15 25
1 5 14 24
1 5 6 9
1 5 15 25
1 5 15 25
1 5 15 25
1 5 15 25
1 5 15 25
1 4 11 21
1 5 15 25
1 5 15 23
1 5 15 25
1 5 15 25
1 5 15 25
1 5 15 25
1 4 14 24
1 5 15 25
1 5 15 25
1 5 14 23
1 5 15 25
1 5 15 25
1 5 15 25
1 5 15 25
1 5 15 25
1 5 15 25
1 5 15 25
1 5 15 25
1 5 15 25
1 5 15 25
1 5 15 24
1 4 13 21
1 5 15 24
1 5 15 25
1 5 15 24
1 5 15 25
1 5 14 21
1 5 15 25
1 5 15 25
1 5 14 24
1 5 15 25
1 5 15 25
1 5 14 23
1 5 15 25
1 5 15 25
1 5 15 25
1 5 15 25
1 5 15 25
1 5 15 25
1 5 14 16
1 5 15 25
1 5 15 25
1 5 15 25
1 5 14 24
1 5 15 25
1 5 15 25
1 5 15 25
1 5 15 23
1 5 15 25
1 5 15 25
1 5 15 25
1 5 15 25
1 5 15 25
1 5 15 25
1 5 15 25
1 5 15 25
1 5 15 24
1 5 15 23
1 5 15 25
1 5 15 25
1 5 15 25
1 5 15 23
1 5 15 25
1 5 15 25
1 5 15 25
1 5 15 25
1 4 13 23
1 5 15 25
1 5 15 25
1 5 15 25
1 5 15 25
1 5 15 25
1 5 15 25
1 5 14 23
1 5 15 25
1 5 15 25
1 5 15 25
1 5 15 25
1 5 15 25
1 5 15 25
1 5 15 25
1 5 15 24
1 5 15 25
1 5 15 25
1 5 15 25
1 5 15 25
1 5 15 25
1 5 15 25
1 5 15 25
1 5 15 25
1 5 15 25
1 5 12 21
1 5 15 25
1 5 10 19
1 5 14 24
1 5 15 22
1 5 15 25
1 5 15 25
1 5 15 25
1 5 15 25
1 5 15 25
1 5 15 25
1 5 15 24
1 5 15 25
1 5 15 25
1 5 15 25
1 5 15 25
1 5 15 25
1 5 15 24
1 5 15 25
1 5 15 25
1 5 15 25
1 5 15 25
1 5 15 25
1 5 14 23
1 5 14 24
1 5 15 25
1 5 13 22
1 5 15 25
1 5 15 23
1 5 15 25
1 5 15 25
1 5 15 25
1 5 15 25
1 5 15 24
1 5 15 25
1 5 11 20
1 5 15 25
1 5 15 25
1 5 15 25
1 5 15 24
1 5 15 25
1 5 15 25
1 5 15 25
1 5 15 25
1 5 15 25
1 5 15 25
1 5 15 25
1 5 14 24
1 5 15 24
1 5 15 25
1 5 15 25
1 5 15 23
1 5 15 25
1 5 14 23
1 5 15 25
1 5 14 24
1 5 15 25
1 5 14 15
1 5 15 25
1 4 14 24
1 5 15 25
1 5 15 25
1 5 15 25
1 5 15 25
1 5 15 25
1 5 15 25
1 5 15 25
1 5 15 25
1 5 14 22
1 5 15 25
1 5 15 25
1 5 15 24
1 5 15 25
1 5 15 25
1 5 15 25
1 5 15 25
1 5 15 25
1 5 14 24
1 3 3 12
1 5 15 25
1 5 15 25
1 5 15 25
1 5 15 25
1 5 15 25
1 5 15 25
1 5 14 24
1 5 15 25
1 5 15 25
1 5 15 24
1 5 15 25
1 5 15 24
1 5 15 25
1 5 15 25
1 5 15 25
1 5 14 23
1 5 15 25
1 5 15 25
1 5 15 25
1 5 15 24
1 5 15 25
1 5 15 24
1 5 15 25
1 5 15 25
1 5 15 25
1 5 15 25
1 4 14 24
1 5 15 25
1 5 14 23
1 5 15 25
1 5 15 25
1 5 15 25
1 5 15 25
1 5 15 25
1 5 15 23
1 5 15 25
1 5 15 25
1 5 15 23
1 5 15 25
1 5 15 25
1 5 15 25
1 5 14 23
1 5 15 25
1 5 15 25
1 5 15 24
1 5 15 25
1 5 15 25
1 5 15 25
1 5 14 22
1 5 13 21
1 5 15 25
1 5 15 24
1 5 15 25
1 5 13 23
1 5 15 23
1 5 15 24
1 5 15 24
1 5 15 25
1 5 15 25
1 5 15 25
1 5 15 25
1 5 15 25
1 5 15 25
1 5 15 25
1 5 15 25
1 5 15 25
1 5 15 25
1 5 15 25
1 5 15 25
1 5 15 24
1 5 15 25
1 5 15 23
1 5 15 25
1 5 15 25
1 5 15 25
1 5 15 25
1 5 15 25
1 5 15 25
1 5 15 25
1 5 15 25
1 5 15 25
1 5 12 22
1 5 15 25
1 5 15 25
1 5 15 24
1 5 15 25
1 5 15 25
1 5 15 25
1 5 15 25
1 5 15 25
1 5 15 25
1 5 15 25
1 5 13 19
1 5 15 25
1 5 14 24
1 5 15 25
1 5 15 25
1 5 15 25
1 5 15 25
1 5 15 25
1 5 15 25
1 5 15 25
1 5 15 25
1 5 15 25
